0.0001
3.4407027818448026
{'elapsed_time': datetime.timedelta(seconds=1060, microseconds=988127), 'p': array([0.        , 0.        , 0.        , ..., 0.        , 0.02070639,
       0.01      ]), 'info': {'grad': array([ 4.88281250e-08,  4.88281250e-08,  4.88281250e-08, ...,
        4.88281250e-08, -6.47581012e-09,  1.19815405e-04]), 'task': 'CONVERGENCE: NORM_OF_PROJECTED_GRADIENT_<=_PGTOL', 'funcalls': 1004, 'nit': 842, 'warnflag': 0}}
{'recons': tensor([[[[-4.9076e-04, -5.3518e-04],
          [-1.0763e-04,  3.0528e-04],
          [ 8.5940e-04,  1.4130e-03],
          ...,
          [ 2.8801e-04, -1.0587e-03],
          [-7.8834e-06, -2.0099e-04],
          [-3.4288e-04, -5.0147e-04]],

         [[-1.6723e-04,  1.0158e-03],
          [-1.9222e-03,  9.6808e-04],
          [-2.2498e-03,  8.5672e-06],
          ...,
          [ 2.7678e-04, -5.0985e-04],
          [-9.6152e-05, -1.5926e-04],
          [ 8.5023e-05,  7.9912e-04]],

         [[ 1.6759e-04, -5.4885e-04],
          [ 1.4878e-03, -1.2491e-03],
          [ 1.2329e-03, -4.9007e-04],
          ...,
          [-1.4557e-03,  8.5801e-04],
          [ 1.1722e-04,  4.1858e-04],
          [ 5.5455e-04, -2.7494e-04]],

         ...,

         [[ 3.2338e-04, -4.1237e-04],
          [ 8.1861e-04, -1.2971e-03],
          [ 4.4217e-04, -5.5394e-04],
          ...,
          [-1.6060e-03, -1.1616e-03],
          [-1.5591e-03,  3.5743e-04],
          [-9.3202e-04,  9.2713e-04]],

         [[-8.1945e-04,  3.3532e-04],
          [-8.0558e-04,  1.0758e-03],
          [-1.3075e-04,  1.3014e-03],
          ...,
          [ 2.9486e-04,  9.0857e-05],
          [ 7.4773e-04, -9.2948e-04],
          [ 3.1255e-04, -1.3022e-04]],

         [[ 1.1417e-03, -2.6265e-04],
          [ 1.1214e-03, -3.8745e-04],
          [ 5.1654e-04, -1.7319e-03],
          ...,
          [ 6.9329e-04,  1.3554e-03],
          [-4.8666e-04,  8.1226e-04],
          [-7.8711e-05, -4.2450e-04]]]]), 'ssims': [0.9969947805951194], 'psnrs': [64.08290794884822]}