###ITERATION beta1e-05{'elapsed_time': datetime.timedelta(seconds=9, microseconds=30822), 'p': array([0.97667118, 0.97885236, 0.96964739, ..., 0.98270609, 0.24720282,
       0.01      ]), 'info': {'grad': array([6.70335910e-10, 5.58871136e-10, 7.84489595e-10, ...,
       4.60053336e-10, 9.41973839e-08, 5.14898387e-06]), 'task': 'CONVERGENCE: NORM_OF_PROJECTED_GRADIENT_<=_PGTOL', 'funcalls': 17, 'nit': 16, 'warnflag': 0}}
{'recons': tensor([[[[ 3.6352e-05, -5.1906e-04],
          [-6.3817e-04,  2.6993e-04],
          [ 2.1686e-04,  9.1828e-04],
          ...,
          [-5.4404e-04, -1.0320e-05],
          [ 4.0471e-04,  8.8660e-04],
          [ 1.6325e-04, -1.9121e-04]],

         [[-4.5455e-04,  9.9959e-04],
          [-1.0765e-03, -4.2681e-05],
          [-5.0724e-04,  2.4689e-06],
          ...,
          [ 4.3699e-04,  5.1307e-06],
          [-5.1684e-04, -2.2650e-04],
          [-1.4801e-03,  1.3834e-04]],

         [[-1.9664e-04, -8.9870e-04],
          [-7.2735e-05,  2.8684e-04],
          [-2.5970e-04, -1.3579e-04],
          ...,
          [ 2.9476e-04, -4.4618e-04],
          [ 4.1762e-04,  7.5342e-04],
          [-8.2436e-04,  2.7392e-04]],

         ...,

         [[-3.7082e-04, -3.5965e-04],
          [-1.0975e-03,  7.7495e-04],
          [ 5.2799e-04,  3.4042e-04],
          ...,
          [-5.7916e-04,  4.4295e-04],
          [ 6.8421e-04, -8.1143e-04],
          [-1.1546e-04, -3.4057e-05]],

         [[-1.6601e-03,  1.3321e-03],
          [ 6.0967e-04, -6.6692e-04],
          [ 1.1330e-04, -4.5728e-05],
          ...,
          [ 6.4545e-04,  2.5120e-04],
          [-4.4731e-04, -8.5212e-04],
          [-2.8453e-04, -8.2391e-04]],

         [[-3.6224e-04, -2.1384e-04],
          [ 3.3032e-04,  3.1121e-04],
          [ 5.9152e-04, -3.5596e-04],
          ...,
          [-4.2993e-04, -2.1959e-04],
          [ 9.1552e-04, -2.8422e-04],
          [-1.3459e-03, -3.6539e-04]]]]), 'ssims': [0.9978988831886935], 'psnrs': [65.63181330996268]}###ITERATION beta1e-05{'elapsed_time': datetime.timedelta(seconds=5, microseconds=446817), 'p': array([0.99399435, 0.99953113, 0.98912545, ..., 0.94414158, 0.29109651,
       0.01      ]), 'info': {'grad': array([ 1.47777840e-10,  1.72340998e-11,  2.70276465e-10, ...,
        1.19011300e-09, -1.69813724e-08,  2.87703059e-06]), 'task': 'CONVERGENCE: NORM_OF_PROJECTED_GRADIENT_<=_PGTOL', 'funcalls': 10, 'nit': 9, 'warnflag': 0}}
{'recons': tensor([[[[-2.9801e-04,  2.5130e-05],
          [-4.0672e-04, -5.9447e-04],
          [ 7.0412e-04,  9.0886e-05],
          ...,
          [-3.9252e-04, -1.6357e-04],
          [ 2.7375e-04, -7.1871e-04],
          [ 2.9029e-04, -4.8989e-04]],

         [[ 3.4843e-05,  3.6969e-04],
          [-8.8061e-07, -5.0571e-04],
          [-6.1720e-04, -9.5551e-04],
          ...,
          [ 4.0448e-04,  2.4507e-04],
          [-2.2204e-04, -2.8869e-04],
          [-8.3424e-05,  3.9990e-04]],

         [[ 2.3401e-04, -1.5449e-04],
          [ 9.0387e-05, -5.5571e-04],
          [ 2.2450e-04,  3.9120e-04],
          ...,
          [ 3.4924e-04, -3.0211e-04],
          [-6.8292e-05,  1.4175e-04],
          [ 3.8848e-04,  3.4319e-04]],

         ...,

         [[ 1.2218e-05,  2.9377e-04],
          [ 4.6853e-04,  9.6041e-04],
          [ 4.7319e-05, -2.4885e-04],
          ...,
          [-8.6676e-04, -5.4535e-04],
          [ 2.3227e-04, -4.6255e-06],
          [ 8.7065e-04,  7.4392e-04]],

         [[-5.0727e-04,  2.3851e-04],
          [ 3.4198e-04,  4.4437e-04],
          [-3.9257e-05, -2.8611e-04],
          ...,
          [-3.9473e-04,  2.3271e-05],
          [-4.8239e-04, -2.8898e-04],
          [ 7.4328e-04, -2.7380e-04]],

         [[-4.4800e-04,  8.0809e-04],
          [-7.6151e-05, -6.1989e-04],
          [-5.0666e-05,  2.7113e-04],
          ...,
          [-8.2330e-05,  2.6691e-04],
          [ 7.7290e-04,  4.9350e-06],
          [ 3.0090e-04, -4.7749e-04]]]]), 'ssims': [0.9985425160082857], 'psnrs': [67.2721037417743]}###ITERATION beta0.0001{'elapsed_time': datetime.timedelta(seconds=1060, microseconds=988127), 'p': array([0.        , 0.        , 0.        , ..., 0.        , 0.02070639,
       0.01      ]), 'info': {'grad': array([ 4.88281250e-08,  4.88281250e-08,  4.88281250e-08, ...,
        4.88281250e-08, -6.47581012e-09,  1.19815405e-04]), 'task': 'CONVERGENCE: NORM_OF_PROJECTED_GRADIENT_<=_PGTOL', 'funcalls': 1004, 'nit': 842, 'warnflag': 0}}
{'recons': tensor([[[[-4.9076e-04, -5.3518e-04],
          [-1.0763e-04,  3.0528e-04],
          [ 8.5940e-04,  1.4130e-03],
          ...,
          [ 2.8801e-04, -1.0587e-03],
          [-7.8834e-06, -2.0099e-04],
          [-3.4288e-04, -5.0147e-04]],

         [[-1.6723e-04,  1.0158e-03],
          [-1.9222e-03,  9.6808e-04],
          [-2.2498e-03,  8.5672e-06],
          ...,
          [ 2.7678e-04, -5.0985e-04],
          [-9.6152e-05, -1.5926e-04],
          [ 8.5023e-05,  7.9912e-04]],

         [[ 1.6759e-04, -5.4885e-04],
          [ 1.4878e-03, -1.2491e-03],
          [ 1.2329e-03, -4.9007e-04],
          ...,
          [-1.4557e-03,  8.5801e-04],
          [ 1.1722e-04,  4.1858e-04],
          [ 5.5455e-04, -2.7494e-04]],

         ...,

         [[ 3.2338e-04, -4.1237e-04],
          [ 8.1861e-04, -1.2971e-03],
          [ 4.4217e-04, -5.5394e-04],
          ...,
          [-1.6060e-03, -1.1616e-03],
          [-1.5591e-03,  3.5743e-04],
          [-9.3202e-04,  9.2713e-04]],

         [[-8.1945e-04,  3.3532e-04],
          [-8.0558e-04,  1.0758e-03],
          [-1.3075e-04,  1.3014e-03],
          ...,
          [ 2.9486e-04,  9.0857e-05],
          [ 7.4773e-04, -9.2948e-04],
          [ 3.1255e-04, -1.3022e-04]],

         [[ 1.1417e-03, -2.6265e-04],
          [ 1.1214e-03, -3.8745e-04],
          [ 5.1654e-04, -1.7319e-03],
          ...,
          [ 6.9329e-04,  1.3554e-03],
          [-4.8666e-04,  8.1226e-04],
          [-7.8711e-05, -4.2450e-04]]]]), 'ssims': [0.9969947805951194], 'psnrs': [64.08290794884822]}###ITERATION beta0.001{'elapsed_time': datetime.timedelta(seconds=618, microseconds=378969), 'p': array([0.       , 0.       , 0.       , ..., 0.       , 0.0154949,
       0.01     ]), 'info': {'grad': array([4.88281250e-07, 4.88281250e-07, 4.88281250e-07, ...,
       4.88281250e-07, 4.47738838e-09, 3.67415785e-04]), 'task': 'CONVERGENCE: NORM_OF_PROJECTED_GRADIENT_<=_PGTOL', 'funcalls': 578, 'nit': 481, 'warnflag': 0}}
{'recons': tensor([[[[ 6.8983e-04, -9.1340e-04],
          [ 8.5903e-04, -2.6223e-06],
          [ 2.0605e-03,  5.9930e-04],
          ...,
          [ 4.1518e-05, -2.2045e-03],
          [-1.6346e-04, -3.4862e-04],
          [ 4.8331e-04, -5.8441e-05]],

         [[-6.1304e-04,  1.1921e-04],
          [-5.1884e-04, -8.3071e-04],
          [-1.3328e-03, -1.7595e-03],
          ...,
          [-3.8061e-04,  1.1967e-03],
          [-3.9281e-04, -5.3933e-04],
          [-7.6390e-04, -5.1610e-04]],

         [[ 7.2031e-04,  5.8805e-04],
          [-4.0892e-04,  6.4360e-04],
          [-6.4622e-04,  1.5148e-03],
          ...,
          [ 2.0035e-04,  4.5331e-05],
          [ 7.2043e-04,  1.3522e-03],
          [ 1.2681e-03,  1.5064e-03]],

         ...,

         [[ 5.8224e-04, -6.5137e-04],
          [ 4.3087e-04, -1.1633e-03],
          [-6.2518e-04, -6.2404e-04],
          ...,
          [ 9.7594e-04,  1.0724e-04],
          [ 9.5720e-05, -1.8512e-04],
          [-6.7380e-05, -1.1233e-04]],

         [[-1.2947e-03,  3.5459e-04],
          [-1.7592e-03,  2.7896e-05],
          [-1.0258e-03, -3.9568e-05],
          ...,
          [-6.1164e-04,  2.3080e-04],
          [-1.7532e-04,  2.2371e-04],
          [-5.1191e-04,  4.0811e-04]],

         [[ 6.6576e-05,  5.6235e-04],
          [ 7.5028e-04,  9.2243e-04],
          [ 3.4159e-04,  5.0002e-04],
          ...,
          [ 1.0313e-04,  1.2083e-03],
          [ 2.9756e-04,  2.2800e-04],
          [-1.6549e-05, -4.4234e-04]]]]), 'ssims': [0.9956893803262373], 'psnrs': [61.81241294206076]}###ITERATION beta0.01{'elapsed_time': datetime.timedelta(seconds=1328, microseconds=218982), 'p': array([0.        , 0.        , 0.        , ..., 0.        , 0.01096063,
       0.01      ]), 'info': {'grad': array([ 4.88281250e-06,  4.88281250e-06,  4.88281250e-06, ...,
        4.88281250e-06, -3.23331929e-10,  1.25758258e-03]), 'task': 'CONVERGENCE: NORM_OF_PROJECTED_GRADIENT_<=_PGTOL', 'funcalls': 2246, 'nit': 1277, 'warnflag': 0}}
{'recons': tensor([[[[-3.8786e-04,  1.6310e-05],
          [ 1.7721e-04,  9.5757e-04],
          [ 9.2965e-04,  1.3757e-03],
          ...,
          [ 1.4298e-05,  1.0985e-03],
          [-1.1467e-04,  2.4196e-04],
          [-2.6624e-04, -3.2973e-04]],

         [[-1.6220e-04, -1.9024e-04],
          [-6.7116e-04, -1.6499e-04],
          [-5.5133e-04, -9.1070e-05],
          ...,
          [ 1.0738e-03,  2.0719e-04],
          [ 9.3752e-04, -2.2211e-05],
          [ 4.1373e-04, -3.0365e-04]],

         [[ 6.3067e-04, -1.4827e-05],
          [ 1.0559e-03, -1.4635e-03],
          [ 3.8605e-04, -1.5592e-03],
          ...,
          [-8.9005e-04, -4.2867e-04],
          [-4.2834e-04,  8.0476e-04],
          [ 1.4774e-04,  1.1253e-03]],

         ...,

         [[-2.5307e-04,  2.3952e-04],
          [-8.0376e-04,  2.7237e-04],
          [-8.5189e-04,  1.2907e-03],
          ...,
          [ 9.5762e-04,  1.2488e-03],
          [ 2.2348e-05,  2.0118e-03],
          [ 4.5286e-06,  1.4603e-03]],

         [[ 5.1821e-04, -7.5594e-04],
          [ 1.6799e-04, -3.1973e-04],
          [ 3.4214e-04, -1.1026e-04],
          ...,
          [ 2.3529e-05,  4.4961e-05],
          [ 4.6546e-04, -1.0928e-03],
          [ 5.6697e-04, -1.1545e-03]],

         [[ 9.0871e-06,  8.2157e-04],
          [ 6.9370e-05, -3.4235e-04],
          [-7.7557e-04, -1.1817e-03],
          ...,
          [-6.2987e-04, -1.3925e-03],
          [-5.3143e-04, -2.4882e-04],
          [-5.1400e-04,  7.4034e-04]]]]), 'ssims': [0.9967558883586622], 'psnrs': [54.28770903170022]}###ITERATION beta0.1{'elapsed_time': datetime.timedelta(seconds=3566, microseconds=581973), 'p': array([0.        , 0.        , 0.5656833 , ..., 0.56668411, 0.41722076,
       0.01      ]), 'info': {'grad': array([4.88281250e-05, 4.88281250e-05, 2.12068742e-05, ...,
       2.11580064e-05, 2.14657133e-06, 4.51448783e-06]), 'task': 'STOP: TOTAL NO. of ITERATIONS REACHED LIMIT', 'funcalls': 8737, 'nit': 2500, 'warnflag': 1}}
{'recons': tensor([[[[ 8.0955e-05,  3.3109e-05],
          [-1.0212e-04, -4.6871e-05],
          [ 1.2539e-04, -9.1473e-05],
          ...,
          [ 2.6204e-04,  1.4281e-04],
          [ 2.0124e-04, -7.9522e-05],
          [ 1.3564e-04,  1.6957e-05]],

         [[ 8.3241e-05,  3.5559e-06],
          [ 3.0027e-04,  1.0153e-04],
          [-7.6783e-05, -1.2487e-04],
          ...,
          [-6.6108e-05, -1.0115e-05],
          [-5.7977e-05, -1.3919e-05],
          [ 9.5405e-05, -1.0990e-04]],

         [[ 1.0944e-04, -4.8397e-04],
          [ 1.7669e-04, -1.0303e-04],
          [-4.8120e-06,  2.1481e-04],
          ...,
          [-1.6843e-04,  5.1505e-05],
          [-1.1935e-04,  1.8344e-04],
          [-2.2731e-04, -1.2386e-04]],

         ...,

         [[-3.7935e-06,  1.7358e-04],
          [ 2.5711e-04, -2.9083e-04],
          [ 3.0091e-04,  6.7586e-05],
          ...,
          [-1.6407e-04,  5.6417e-05],
          [-3.7984e-05, -5.2632e-05],
          [-3.4410e-05,  5.7414e-05]],

         [[-2.2426e-04,  1.0999e-05],
          [-2.3010e-04,  8.3662e-05],
          [-8.3203e-06, -4.8350e-05],
          ...,
          [-2.4934e-04, -3.5517e-05],
          [-5.3057e-06,  1.0276e-04],
          [-1.1530e-06, -3.1940e-05]],

         [[ 2.1267e-05, -7.1112e-05],
          [-8.7850e-05, -5.6555e-05],
          [ 1.2597e-04, -3.7840e-06],
          ...,
          [ 4.5840e-05,  1.7362e-04],
          [ 9.9240e-05,  3.6216e-04],
          [-6.7281e-05,  1.5201e-04]]]]), 'ssims': [0.9998083196824363], 'psnrs': [75.52071657284826]}