0.1
7.027818448023426
{'elapsed_time': datetime.timedelta(seconds=298, microseconds=475960), 'p': array([0.        , 0.        , 0.        , ..., 0.        , 7.74261685,
       0.01      ]), 'info': {'grad': array([4.88281250e-05, 4.88281250e-05, 4.88281250e-05, ...,
       4.88281250e-05, 1.40880422e-08, 7.13017983e-11]), 'task': 'CONVERGENCE: NORM_OF_PROJECTED_GRADIENT_<=_PGTOL', 'funcalls': 736, 'nit': 610, 'warnflag': 0}}
{'recons': tensor([[[[ 4.6125e-06, -9.5688e-06],
          [-5.3716e-06,  2.2485e-06],
          [ 4.3656e-06,  7.1448e-06],
          ...,
          [-4.9315e-07,  1.2139e-05],
          [-4.0602e-07, -9.5209e-06],
          [-5.4616e-06,  7.7894e-06]],

         [[ 9.5958e-07,  1.3061e-05],
          [-9.0846e-07, -4.8525e-06],
          [-5.3336e-06, -8.5887e-06],
          ...,
          [ 3.4810e-06, -5.2022e-06],
          [-4.8235e-06,  1.2934e-06],
          [ 7.2111e-06, -5.2115e-06]],

         [[ 3.5176e-06, -7.6030e-06],
          [-5.2677e-06,  7.7086e-06],
          [ 9.5691e-06, -2.0634e-06],
          ...,
          [-5.5652e-06, -5.9271e-07],
          [ 2.9891e-06,  1.8998e-06],
          [-2.3644e-06, -1.2025e-07]],

         ...,

         [[ 4.2722e-06,  6.7573e-07],
          [ 3.0291e-07,  9.0890e-06],
          [ 2.4098e-06, -1.1116e-06],
          ...,
          [ 9.0348e-06, -4.9440e-07],
          [-9.3545e-06,  1.1593e-06],
          [ 1.6260e-06, -1.3002e-06]],

         [[ 2.0508e-06, -2.2367e-06],
          [-4.8766e-06, -5.6571e-06],
          [-1.2275e-06,  2.0017e-06],
          ...,
          [ 8.2786e-07, -2.9297e-07],
          [ 1.9950e-06,  6.0574e-07],
          [-2.7427e-06, -2.1336e-06]],

         [[-9.1690e-06,  4.1611e-06],
          [ 1.1817e-05, -8.6340e-07],
          [-5.1883e-06,  4.2285e-07],
          ...,
          [-2.2248e-06, -7.7253e-06],
          [ 2.3209e-06,  7.6204e-06],
          [ 2.5790e-06, -4.5041e-06]]]]), 'ssims': [0.9876394201606976], 'psnrs': [33.81502319660939]}