0.01
2.781844802342606
{'elapsed_time': datetime.timedelta(seconds=1328, microseconds=218982), 'p': array([0.        , 0.        , 0.        , ..., 0.        , 0.01096063,
       0.01      ]), 'info': {'grad': array([ 4.88281250e-06,  4.88281250e-06,  4.88281250e-06, ...,
        4.88281250e-06, -3.23331929e-10,  1.25758258e-03]), 'task': 'CONVERGENCE: NORM_OF_PROJECTED_GRADIENT_<=_PGTOL', 'funcalls': 2246, 'nit': 1277, 'warnflag': 0}}
{'recons': tensor([[[[-3.8786e-04,  1.6310e-05],
          [ 1.7721e-04,  9.5757e-04],
          [ 9.2965e-04,  1.3757e-03],
          ...,
          [ 1.4298e-05,  1.0985e-03],
          [-1.1467e-04,  2.4196e-04],
          [-2.6624e-04, -3.2973e-04]],

         [[-1.6220e-04, -1.9024e-04],
          [-6.7116e-04, -1.6499e-04],
          [-5.5133e-04, -9.1070e-05],
          ...,
          [ 1.0738e-03,  2.0719e-04],
          [ 9.3752e-04, -2.2211e-05],
          [ 4.1373e-04, -3.0365e-04]],

         [[ 6.3067e-04, -1.4827e-05],
          [ 1.0559e-03, -1.4635e-03],
          [ 3.8605e-04, -1.5592e-03],
          ...,
          [-8.9005e-04, -4.2867e-04],
          [-4.2834e-04,  8.0476e-04],
          [ 1.4774e-04,  1.1253e-03]],

         ...,

         [[-2.5307e-04,  2.3952e-04],
          [-8.0376e-04,  2.7237e-04],
          [-8.5189e-04,  1.2907e-03],
          ...,
          [ 9.5762e-04,  1.2488e-03],
          [ 2.2348e-05,  2.0118e-03],
          [ 4.5286e-06,  1.4603e-03]],

         [[ 5.1821e-04, -7.5594e-04],
          [ 1.6799e-04, -3.1973e-04],
          [ 3.4214e-04, -1.1026e-04],
          ...,
          [ 2.3529e-05,  4.4961e-05],
          [ 4.6546e-04, -1.0928e-03],
          [ 5.6697e-04, -1.1545e-03]],

         [[ 9.0871e-06,  8.2157e-04],
          [ 6.9370e-05, -3.4235e-04],
          [-7.7557e-04, -1.1817e-03],
          ...,
          [-6.2987e-04, -1.3925e-03],
          [-5.3143e-04, -2.4882e-04],
          [-5.1400e-04,  7.4034e-04]]]]), 'ssims': [0.9967558883586622], 'psnrs': [54.28770903170022]}