0.01
46.8033186920449
{'elapsed_time': datetime.timedelta(seconds=5127, microseconds=456097), 'p': array([0.33395052, 0.        , 0.68516722, ..., 0.        , 0.42306314,
       0.01      ]), 'info': {'grad': array([3.25219570e-06, 4.88281250e-06, 1.53727978e-06, ...,
       4.88281250e-06, 2.02767594e-07, 5.62586105e-07]), 'task': 'STOP: TOTAL NO. of ITERATIONS REACHED LIMIT', 'funcalls': 12317, 'nit': 2500, 'warnflag': 1}}
{'recons': tensor([[[[ 4.0174e-05,  7.7542e-05],
          [ 1.1671e-04, -7.6866e-05],
          [ 1.0963e-05, -2.9200e-04],
          ...,
          [-6.7747e-05, -2.9490e-04],
          [-6.2091e-05,  1.3607e-04],
          [ 1.7670e-04,  1.7240e-04]],

         [[-1.0391e-04, -5.2157e-05],
          [ 6.8146e-05, -1.1890e-04],
          [-5.7985e-05,  4.6538e-05],
          ...,
          [-2.0401e-04, -1.2350e-04],
          [ 9.6980e-05,  1.6220e-04],
          [-4.0186e-05,  4.2359e-05]],

         [[-1.3694e-04,  1.0344e-04],
          [-2.4907e-04,  1.1311e-04],
          [ 1.6291e-04,  3.0585e-04],
          ...,
          [ 1.9715e-04,  7.2331e-05],
          [-6.0805e-05, -1.9876e-04],
          [ 9.3120e-05, -2.9293e-04]],

         ...,

         [[ 8.2298e-05,  7.7176e-05],
          [-1.2668e-04, -1.2688e-04],
          [ 1.2228e-04, -6.8594e-06],
          ...,
          [ 3.7730e-05, -4.8124e-05],
          [-2.1613e-04,  1.0536e-04],
          [-2.1150e-04, -2.1573e-04]],

         [[-4.9549e-06, -1.3219e-04],
          [-1.6567e-05,  9.9372e-05],
          [-1.3180e-04,  2.9523e-04],
          ...,
          [ 7.7212e-05,  8.2231e-05],
          [ 9.9872e-06, -3.6643e-04],
          [-1.3973e-05,  5.3251e-05]],

         [[ 9.1940e-06, -3.7549e-06],
          [ 6.9347e-05,  2.0905e-04],
          [-1.1283e-05, -3.7769e-04],
          ...,
          [ 2.6867e-05,  1.2005e-04],
          [-2.8603e-05,  5.8938e-06],
          [-1.9601e-04,  1.0281e-04]]]]), 'ssims': [0.9998236235365591], 'psnrs': [76.1461054043952]}