0.001
1.8301610541727673
{'elapsed_time': datetime.timedelta(seconds=706, microseconds=735308), 'p': array([0.        , 0.        , 0.        , ..., 0.        , 0.02779397,
       0.01      ]), 'info': {'grad': array([4.88281250e-07, 4.88281250e-07, 4.88281250e-07, ...,
       4.88281250e-07, 2.10684893e-08, 8.56437013e-04]), 'task': 'CONVERGENCE: NORM_OF_PROJECTED_GRADIENT_<=_PGTOL', 'funcalls': 565, 'nit': 437, 'warnflag': 0}}
{'recons': tensor([[[[ 1.1894e-03, -2.9632e-04],
          [ 8.0552e-04, -3.6669e-04],
          [-9.3850e-05, -5.6615e-05],
          ...,
          [-1.1265e-03, -3.3945e-04],
          [ 2.3819e-04, -8.0564e-04],
          [ 9.9952e-04, -8.1818e-04]],

         [[ 1.3112e-03, -6.4725e-04],
          [ 9.9691e-04, -5.4755e-04],
          [ 6.2946e-05, -3.5153e-04],
          ...,
          [-9.3723e-04, -1.6144e-04],
          [ 2.7869e-04, -4.2155e-04],
          [ 8.8838e-04, -8.2008e-04]],

         [[ 1.0964e-03,  2.3450e-04],
          [ 7.1169e-04,  2.5017e-05],
          [-1.6965e-04, -5.6954e-04],
          ...,
          [-3.4716e-04, -3.7459e-04],
          [ 5.5233e-04,  4.5647e-04],
          [ 8.3821e-04,  5.4351e-04]],

         ...,

         [[ 5.8135e-04,  1.1195e-03],
          [ 2.7676e-04,  8.5452e-04],
          [-5.2357e-05,  4.2887e-04],
          ...,
          [-2.9765e-04, -3.0236e-04],
          [-2.2150e-04, -8.6442e-05],
          [ 7.0112e-04,  7.3503e-04]],

         [[ 1.0143e-03,  2.7294e-04],
          [ 7.9860e-04,  2.8721e-05],
          [ 2.5437e-04,  3.0096e-04],
          ...,
          [-7.7016e-04,  8.6858e-05],
          [-6.6329e-05, -7.1068e-04],
          [ 1.1003e-03, -2.3270e-04]],

         [[ 1.6137e-03,  1.2869e-04],
          [ 1.0983e-03, -1.0061e-04],
          [ 5.9357e-05,  2.0812e-04],
          ...,
          [-1.1168e-03, -1.0684e-04],
          [ 4.4653e-04, -9.0654e-04],
          [ 1.6608e-03, -5.4155e-04]]]]), 'ssims': [0.99853774318043], 'psnrs': [58.07932610412311]}