0.1
1.6593460224499756
{'elapsed_time': datetime.timedelta(seconds=2589, microseconds=652479), 'p': array([0.        , 0.        , 0.        , ..., 0.        , 0.02856796,
       0.01      ]), 'info': {'grad': array([ 4.88281250e-05,  4.88281250e-05,  4.88281250e-05, ...,
        4.88281250e-05, -6.49678142e-10,  2.76068150e-03]), 'task': 'CONVERGENCE: NORM_OF_PROJECTED_GRADIENT_<=_PGTOL', 'funcalls': 3411, 'nit': 2065, 'warnflag': 0}}
{'recons': tensor([[[[ 2.3330e-04,  1.9300e-04],
          [ 1.5741e-04, -7.6544e-05],
          [-1.3161e-04, -2.1643e-05],
          ...,
          [-1.5115e-04,  2.9176e-05],
          [ 3.9468e-04, -1.6759e-04],
          [ 5.4785e-04,  4.3127e-05]],

         [[ 8.7465e-04,  4.0905e-04],
          [ 8.4633e-04,  1.2382e-05],
          [ 1.7682e-04, -1.1067e-04],
          ...,
          [-7.6656e-04,  4.7976e-04],
          [ 1.0442e-04,  4.4660e-04],
          [ 7.8405e-04,  3.9500e-04]],

         [[ 1.2653e-03,  4.6615e-04],
          [ 1.4305e-03,  2.6715e-04],
          [ 8.0106e-04,  7.4968e-05],
          ...,
          [-9.3507e-04,  4.7301e-04],
          [ 4.2738e-05,  4.9734e-04],
          [ 8.8597e-04,  3.3461e-04]],

         ...,

         [[-2.4307e-04, -4.9953e-04],
          [ 2.3597e-04,  2.3547e-05],
          [ 8.0756e-04,  4.4070e-04],
          ...,
          [ 6.5494e-04, -1.5451e-04],
          [ 7.5434e-05, -5.9229e-04],
          [-3.6680e-04, -5.7554e-04]],

         [[-7.1948e-04, -3.1955e-04],
          [-2.8656e-04, -5.7044e-05],
          [ 2.4768e-04,  2.2170e-04],
          ...,
          [ 1.0143e-03, -5.3427e-04],
          [ 2.3282e-04, -9.2077e-04],
          [-5.1007e-04, -5.6256e-04]],

         [[-2.8265e-04, -2.5556e-05],
          [-2.1961e-04, -1.6590e-04],
          [-1.0565e-04, -2.3714e-07],
          ...,
          [ 7.5488e-04, -1.6913e-04],
          [ 6.3743e-04, -4.3316e-04],
          [ 1.8985e-04, -1.2064e-04]]]]), 'ssims': [0.9983477037664502], 'psnrs': [52.15902227533216]}