###ITERATION beta1e-05{'elapsed_time': datetime.timedelta(seconds=9, microseconds=30822), 'p': array([0.97667118, 0.97885236, 0.96964739, ..., 0.98270609, 0.24720282,
       0.01      ]), 'info': {'grad': array([6.70335910e-10, 5.58871136e-10, 7.84489595e-10, ...,
       4.60053336e-10, 9.41973839e-08, 5.14898387e-06]), 'task': 'CONVERGENCE: NORM_OF_PROJECTED_GRADIENT_<=_PGTOL', 'funcalls': 17, 'nit': 16, 'warnflag': 0}}
{'recons': tensor([[[[ 3.6352e-05, -5.1906e-04],
          [-6.3817e-04,  2.6993e-04],
          [ 2.1686e-04,  9.1828e-04],
          ...,
          [-5.4404e-04, -1.0320e-05],
          [ 4.0471e-04,  8.8660e-04],
          [ 1.6325e-04, -1.9121e-04]],

         [[-4.5455e-04,  9.9959e-04],
          [-1.0765e-03, -4.2681e-05],
          [-5.0724e-04,  2.4689e-06],
          ...,
          [ 4.3699e-04,  5.1307e-06],
          [-5.1684e-04, -2.2650e-04],
          [-1.4801e-03,  1.3834e-04]],

         [[-1.9664e-04, -8.9870e-04],
          [-7.2735e-05,  2.8684e-04],
          [-2.5970e-04, -1.3579e-04],
          ...,
          [ 2.9476e-04, -4.4618e-04],
          [ 4.1762e-04,  7.5342e-04],
          [-8.2436e-04,  2.7392e-04]],

         ...,

         [[-3.7082e-04, -3.5965e-04],
          [-1.0975e-03,  7.7495e-04],
          [ 5.2799e-04,  3.4042e-04],
          ...,
          [-5.7916e-04,  4.4295e-04],
          [ 6.8421e-04, -8.1143e-04],
          [-1.1546e-04, -3.4057e-05]],

         [[-1.6601e-03,  1.3321e-03],
          [ 6.0967e-04, -6.6692e-04],
          [ 1.1330e-04, -4.5728e-05],
          ...,
          [ 6.4545e-04,  2.5120e-04],
          [-4.4731e-04, -8.5212e-04],
          [-2.8453e-04, -8.2391e-04]],

         [[-3.6224e-04, -2.1384e-04],
          [ 3.3032e-04,  3.1121e-04],
          [ 5.9152e-04, -3.5596e-04],
          ...,
          [-4.2993e-04, -2.1959e-04],
          [ 9.1552e-04, -2.8422e-04],
          [-1.3459e-03, -3.6539e-04]]]]), 'ssims': [0.9978988831886935], 'psnrs': [65.63181330996268]}###ITERATION beta1e-05{'elapsed_time': datetime.timedelta(seconds=5, microseconds=446817), 'p': array([0.99399435, 0.99953113, 0.98912545, ..., 0.94414158, 0.29109651,
       0.01      ]), 'info': {'grad': array([ 1.47777840e-10,  1.72340998e-11,  2.70276465e-10, ...,
        1.19011300e-09, -1.69813724e-08,  2.87703059e-06]), 'task': 'CONVERGENCE: NORM_OF_PROJECTED_GRADIENT_<=_PGTOL', 'funcalls': 10, 'nit': 9, 'warnflag': 0}}
{'recons': tensor([[[[-2.9801e-04,  2.5130e-05],
          [-4.0672e-04, -5.9447e-04],
          [ 7.0412e-04,  9.0886e-05],
          ...,
          [-3.9252e-04, -1.6357e-04],
          [ 2.7375e-04, -7.1871e-04],
          [ 2.9029e-04, -4.8989e-04]],

         [[ 3.4843e-05,  3.6969e-04],
          [-8.8061e-07, -5.0571e-04],
          [-6.1720e-04, -9.5551e-04],
          ...,
          [ 4.0448e-04,  2.4507e-04],
          [-2.2204e-04, -2.8869e-04],
          [-8.3424e-05,  3.9990e-04]],

         [[ 2.3401e-04, -1.5449e-04],
          [ 9.0387e-05, -5.5571e-04],
          [ 2.2450e-04,  3.9120e-04],
          ...,
          [ 3.4924e-04, -3.0211e-04],
          [-6.8292e-05,  1.4175e-04],
          [ 3.8848e-04,  3.4319e-04]],

         ...,

         [[ 1.2218e-05,  2.9377e-04],
          [ 4.6853e-04,  9.6041e-04],
          [ 4.7319e-05, -2.4885e-04],
          ...,
          [-8.6676e-04, -5.4535e-04],
          [ 2.3227e-04, -4.6255e-06],
          [ 8.7065e-04,  7.4392e-04]],

         [[-5.0727e-04,  2.3851e-04],
          [ 3.4198e-04,  4.4437e-04],
          [-3.9257e-05, -2.8611e-04],
          ...,
          [-3.9473e-04,  2.3271e-05],
          [-4.8239e-04, -2.8898e-04],
          [ 7.4328e-04, -2.7380e-04]],

         [[-4.4800e-04,  8.0809e-04],
          [-7.6151e-05, -6.1989e-04],
          [-5.0666e-05,  2.7113e-04],
          ...,
          [-8.2330e-05,  2.6691e-04],
          [ 7.7290e-04,  4.9350e-06],
          [ 3.0090e-04, -4.7749e-04]]]]), 'ssims': [0.9985425160082857], 'psnrs': [67.2721037417743]}###ITERATION beta0.0001{'elapsed_time': datetime.timedelta(seconds=1060, microseconds=988127), 'p': array([0.        , 0.        , 0.        , ..., 0.        , 0.02070639,
       0.01      ]), 'info': {'grad': array([ 4.88281250e-08,  4.88281250e-08,  4.88281250e-08, ...,
        4.88281250e-08, -6.47581012e-09,  1.19815405e-04]), 'task': 'CONVERGENCE: NORM_OF_PROJECTED_GRADIENT_<=_PGTOL', 'funcalls': 1004, 'nit': 842, 'warnflag': 0}}
{'recons': tensor([[[[-4.9076e-04, -5.3518e-04],
          [-1.0763e-04,  3.0528e-04],
          [ 8.5940e-04,  1.4130e-03],
          ...,
          [ 2.8801e-04, -1.0587e-03],
          [-7.8834e-06, -2.0099e-04],
          [-3.4288e-04, -5.0147e-04]],

         [[-1.6723e-04,  1.0158e-03],
          [-1.9222e-03,  9.6808e-04],
          [-2.2498e-03,  8.5672e-06],
          ...,
          [ 2.7678e-04, -5.0985e-04],
          [-9.6152e-05, -1.5926e-04],
          [ 8.5023e-05,  7.9912e-04]],

         [[ 1.6759e-04, -5.4885e-04],
          [ 1.4878e-03, -1.2491e-03],
          [ 1.2329e-03, -4.9007e-04],
          ...,
          [-1.4557e-03,  8.5801e-04],
          [ 1.1722e-04,  4.1858e-04],
          [ 5.5455e-04, -2.7494e-04]],

         ...,

         [[ 3.2338e-04, -4.1237e-04],
          [ 8.1861e-04, -1.2971e-03],
          [ 4.4217e-04, -5.5394e-04],
          ...,
          [-1.6060e-03, -1.1616e-03],
          [-1.5591e-03,  3.5743e-04],
          [-9.3202e-04,  9.2713e-04]],

         [[-8.1945e-04,  3.3532e-04],
          [-8.0558e-04,  1.0758e-03],
          [-1.3075e-04,  1.3014e-03],
          ...,
          [ 2.9486e-04,  9.0857e-05],
          [ 7.4773e-04, -9.2948e-04],
          [ 3.1255e-04, -1.3022e-04]],

         [[ 1.1417e-03, -2.6265e-04],
          [ 1.1214e-03, -3.8745e-04],
          [ 5.1654e-04, -1.7319e-03],
          ...,
          [ 6.9329e-04,  1.3554e-03],
          [-4.8666e-04,  8.1226e-04],
          [-7.8711e-05, -4.2450e-04]]]]), 'ssims': [0.9969947805951194], 'psnrs': [64.08290794884822]}###ITERATION beta0.001{'elapsed_time': datetime.timedelta(seconds=618, microseconds=378969), 'p': array([0.       , 0.       , 0.       , ..., 0.       , 0.0154949,
       0.01     ]), 'info': {'grad': array([4.88281250e-07, 4.88281250e-07, 4.88281250e-07, ...,
       4.88281250e-07, 4.47738838e-09, 3.67415785e-04]), 'task': 'CONVERGENCE: NORM_OF_PROJECTED_GRADIENT_<=_PGTOL', 'funcalls': 578, 'nit': 481, 'warnflag': 0}}
{'recons': tensor([[[[ 6.8983e-04, -9.1340e-04],
          [ 8.5903e-04, -2.6223e-06],
          [ 2.0605e-03,  5.9930e-04],
          ...,
          [ 4.1518e-05, -2.2045e-03],
          [-1.6346e-04, -3.4862e-04],
          [ 4.8331e-04, -5.8441e-05]],

         [[-6.1304e-04,  1.1921e-04],
          [-5.1884e-04, -8.3071e-04],
          [-1.3328e-03, -1.7595e-03],
          ...,
          [-3.8061e-04,  1.1967e-03],
          [-3.9281e-04, -5.3933e-04],
          [-7.6390e-04, -5.1610e-04]],

         [[ 7.2031e-04,  5.8805e-04],
          [-4.0892e-04,  6.4360e-04],
          [-6.4622e-04,  1.5148e-03],
          ...,
          [ 2.0035e-04,  4.5331e-05],
          [ 7.2043e-04,  1.3522e-03],
          [ 1.2681e-03,  1.5064e-03]],

         ...,

         [[ 5.8224e-04, -6.5137e-04],
          [ 4.3087e-04, -1.1633e-03],
          [-6.2518e-04, -6.2404e-04],
          ...,
          [ 9.7594e-04,  1.0724e-04],
          [ 9.5720e-05, -1.8512e-04],
          [-6.7380e-05, -1.1233e-04]],

         [[-1.2947e-03,  3.5459e-04],
          [-1.7592e-03,  2.7896e-05],
          [-1.0258e-03, -3.9568e-05],
          ...,
          [-6.1164e-04,  2.3080e-04],
          [-1.7532e-04,  2.2371e-04],
          [-5.1191e-04,  4.0811e-04]],

         [[ 6.6576e-05,  5.6235e-04],
          [ 7.5028e-04,  9.2243e-04],
          [ 3.4159e-04,  5.0002e-04],
          ...,
          [ 1.0313e-04,  1.2083e-03],
          [ 2.9756e-04,  2.2800e-04],
          [-1.6549e-05, -4.4234e-04]]]]), 'ssims': [0.9956893803262373], 'psnrs': [61.81241294206076]}###ITERATION beta0.01{'elapsed_time': datetime.timedelta(seconds=1328, microseconds=218982), 'p': array([0.        , 0.        , 0.        , ..., 0.        , 0.01096063,
       0.01      ]), 'info': {'grad': array([ 4.88281250e-06,  4.88281250e-06,  4.88281250e-06, ...,
        4.88281250e-06, -3.23331929e-10,  1.25758258e-03]), 'task': 'CONVERGENCE: NORM_OF_PROJECTED_GRADIENT_<=_PGTOL', 'funcalls': 2246, 'nit': 1277, 'warnflag': 0}}
{'recons': tensor([[[[-3.8786e-04,  1.6310e-05],
          [ 1.7721e-04,  9.5757e-04],
          [ 9.2965e-04,  1.3757e-03],
          ...,
          [ 1.4298e-05,  1.0985e-03],
          [-1.1467e-04,  2.4196e-04],
          [-2.6624e-04, -3.2973e-04]],

         [[-1.6220e-04, -1.9024e-04],
          [-6.7116e-04, -1.6499e-04],
          [-5.5133e-04, -9.1070e-05],
          ...,
          [ 1.0738e-03,  2.0719e-04],
          [ 9.3752e-04, -2.2211e-05],
          [ 4.1373e-04, -3.0365e-04]],

         [[ 6.3067e-04, -1.4827e-05],
          [ 1.0559e-03, -1.4635e-03],
          [ 3.8605e-04, -1.5592e-03],
          ...,
          [-8.9005e-04, -4.2867e-04],
          [-4.2834e-04,  8.0476e-04],
          [ 1.4774e-04,  1.1253e-03]],

         ...,

         [[-2.5307e-04,  2.3952e-04],
          [-8.0376e-04,  2.7237e-04],
          [-8.5189e-04,  1.2907e-03],
          ...,
          [ 9.5762e-04,  1.2488e-03],
          [ 2.2348e-05,  2.0118e-03],
          [ 4.5286e-06,  1.4603e-03]],

         [[ 5.1821e-04, -7.5594e-04],
          [ 1.6799e-04, -3.1973e-04],
          [ 3.4214e-04, -1.1026e-04],
          ...,
          [ 2.3529e-05,  4.4961e-05],
          [ 4.6546e-04, -1.0928e-03],
          [ 5.6697e-04, -1.1545e-03]],

         [[ 9.0871e-06,  8.2157e-04],
          [ 6.9370e-05, -3.4235e-04],
          [-7.7557e-04, -1.1817e-03],
          ...,
          [-6.2987e-04, -1.3925e-03],
          [-5.3143e-04, -2.4882e-04],
          [-5.1400e-04,  7.4034e-04]]]]), 'ssims': [0.9967558883586622], 'psnrs': [54.28770903170022]}###ITERATION beta0.1{'elapsed_time': datetime.timedelta(seconds=3566, microseconds=581973), 'p': array([0.        , 0.        , 0.5656833 , ..., 0.56668411, 0.41722076,
       0.01      ]), 'info': {'grad': array([4.88281250e-05, 4.88281250e-05, 2.12068742e-05, ...,
       2.11580064e-05, 2.14657133e-06, 4.51448783e-06]), 'task': 'STOP: TOTAL NO. of ITERATIONS REACHED LIMIT', 'funcalls': 8737, 'nit': 2500, 'warnflag': 1}}
{'recons': tensor([[[[ 8.0955e-05,  3.3109e-05],
          [-1.0212e-04, -4.6871e-05],
          [ 1.2539e-04, -9.1473e-05],
          ...,
          [ 2.6204e-04,  1.4281e-04],
          [ 2.0124e-04, -7.9522e-05],
          [ 1.3564e-04,  1.6957e-05]],

         [[ 8.3241e-05,  3.5559e-06],
          [ 3.0027e-04,  1.0153e-04],
          [-7.6783e-05, -1.2487e-04],
          ...,
          [-6.6108e-05, -1.0115e-05],
          [-5.7977e-05, -1.3919e-05],
          [ 9.5405e-05, -1.0990e-04]],

         [[ 1.0944e-04, -4.8397e-04],
          [ 1.7669e-04, -1.0303e-04],
          [-4.8120e-06,  2.1481e-04],
          ...,
          [-1.6843e-04,  5.1505e-05],
          [-1.1935e-04,  1.8344e-04],
          [-2.2731e-04, -1.2386e-04]],

         ...,

         [[-3.7935e-06,  1.7358e-04],
          [ 2.5711e-04, -2.9083e-04],
          [ 3.0091e-04,  6.7586e-05],
          ...,
          [-1.6407e-04,  5.6417e-05],
          [-3.7984e-05, -5.2632e-05],
          [-3.4410e-05,  5.7414e-05]],

         [[-2.2426e-04,  1.0999e-05],
          [-2.3010e-04,  8.3662e-05],
          [-8.3203e-06, -4.8350e-05],
          ...,
          [-2.4934e-04, -3.5517e-05],
          [-5.3057e-06,  1.0276e-04],
          [-1.1530e-06, -3.1940e-05]],

         [[ 2.1267e-05, -7.1112e-05],
          [-8.7850e-05, -5.6555e-05],
          [ 1.2597e-04, -3.7840e-06],
          ...,
          [ 4.5840e-05,  1.7362e-04],
          [ 9.9240e-05,  3.6216e-04],
          [-6.7281e-05,  1.5201e-04]]]]), 'ssims': [0.9998083196824363], 'psnrs': [75.52071657284826]}###ITERATION beta1e-05{'elapsed_time': datetime.timedelta(seconds=4, microseconds=735113), 'p': array([0.9900347 , 0.99168499, 0.98222813, ..., 0.96913412, 0.33638906,
       0.01      ]), 'info': {'grad': array([ 1.66807225e-10,  1.25901084e-10,  2.49562217e-10, ...,
        4.46156936e-10, -6.36449909e-09,  1.86009031e-06]), 'task': 'CONVERGENCE: NORM_OF_PROJECTED_GRADIENT_<=_PGTOL', 'funcalls': 9, 'nit': 8, 'warnflag': 0}}
{'recons': tensor([[[[-6.4155e-04, -4.0528e-04],
          [ 2.8978e-04, -1.7858e-04],
          [ 1.5164e-04, -3.9491e-05],
          ...,
          [ 3.0464e-04,  8.9576e-05],
          [ 2.0721e-04,  4.1068e-04],
          [-3.2820e-04, -2.7322e-04]],

         [[ 2.1679e-04, -2.1285e-04],
          [ 2.1883e-04, -4.2004e-04],
          [ 3.4316e-04, -4.4618e-04],
          ...,
          [ 1.2189e-03, -9.7840e-05],
          [-3.0777e-04, -1.2475e-04],
          [-7.4689e-04, -3.5435e-04]],

         [[-6.1981e-05, -2.0077e-04],
          [ 5.7684e-04,  6.3926e-05],
          [-4.4608e-04,  1.7228e-04],
          ...,
          [ 4.4158e-04,  8.2877e-05],
          [-5.2873e-04, -4.1721e-04],
          [-4.4589e-04, -2.2785e-05]],

         ...,

         [[-1.2642e-04,  3.2300e-05],
          [-5.5984e-04, -4.2100e-04],
          [ 1.9243e-04,  3.8724e-04],
          ...,
          [-2.9387e-05, -1.6884e-04],
          [-2.4780e-04,  4.0944e-05],
          [ 2.6909e-04, -4.1901e-04]],

         [[-1.3154e-04, -3.5562e-04],
          [ 7.4024e-05,  3.8552e-04],
          [ 4.0305e-04, -2.9018e-04],
          ...,
          [-1.1826e-04,  2.9024e-04],
          [-7.2077e-04, -4.8884e-04],
          [ 2.1282e-04,  9.1153e-05]],

         [[-1.8447e-04, -5.7105e-04],
          [-5.2557e-05, -8.5566e-04],
          [-9.5827e-05,  4.0705e-04],
          ...,
          [-1.0418e-04,  2.8499e-04],
          [-1.2990e-04,  5.5548e-04],
          [ 4.6219e-04, -7.9729e-04]]]]), 'ssims': [0.9988779715699313], 'psnrs': [68.56758819804269]}###ITERATION beta0.0001{'elapsed_time': datetime.timedelta(seconds=1390, microseconds=593082), 'p': array([0.        , 0.        , 0.        , ..., 0.        , 0.02023695,
       0.01      ]), 'info': {'grad': array([ 4.88281250e-08,  4.88281250e-08,  4.88281250e-08, ...,
        4.88281250e-08, -2.48903613e-09,  1.41418873e-04]), 'task': 'CONVERGENCE: NORM_OF_PROJECTED_GRADIENT_<=_PGTOL', 'funcalls': 1516, 'nit': 1287, 'warnflag': 0}}
{'recons': tensor([[[[ 4.0024e-04,  6.6470e-04],
          [-1.7150e-04, -5.4693e-04],
          [ 3.9885e-04,  8.3433e-04],
          ...,
          [ 5.6196e-04,  1.1974e-04],
          [-1.7092e-04, -5.0327e-04],
          [-3.7980e-04, -1.8362e-04]],

         [[ 1.2054e-04, -4.2045e-04],
          [ 4.5545e-04,  1.8356e-04],
          [-7.5532e-04, -1.0849e-03],
          ...,
          [-4.7997e-05, -1.7665e-03],
          [ 1.2112e-04, -1.2482e-04],
          [-2.7966e-04,  1.1832e-03]],

         [[ 3.2575e-04, -1.3540e-06],
          [-4.0720e-04,  6.6190e-04],
          [-1.4277e-04, -4.5715e-06],
          ...,
          [-6.5790e-05,  1.0587e-03],
          [-2.2282e-05,  4.8047e-04],
          [-4.1816e-05, -9.9457e-04]],

         ...,

         [[ 5.1920e-04,  3.3326e-05],
          [-2.3055e-04,  6.5589e-06],
          [ 5.6226e-05,  1.0224e-03],
          ...,
          [ 1.0939e-04,  2.9050e-04],
          [ 5.4389e-06, -1.0266e-03],
          [-4.4148e-04,  3.0919e-04]],

         [[-5.6265e-04, -3.9999e-04],
          [-1.3773e-04,  1.6543e-04],
          [ 1.0233e-04, -6.7085e-04],
          ...,
          [ 3.6652e-04, -1.9586e-04],
          [-3.8644e-04,  3.3354e-04],
          [ 7.3159e-04,  3.9490e-04]],

         [[-3.6707e-04, -1.5355e-04],
          [ 2.7205e-04,  1.5018e-04],
          [ 5.3266e-05,  1.0897e-04],
          ...,
          [-8.5612e-04,  6.3384e-04],
          [ 6.0178e-04,  5.1749e-04],
          [ 9.3049e-06, -6.3957e-04]]]]), 'ssims': [0.9966027273788808], 'psnrs': [63.61485877147991]}###ITERATION beta0.001{'elapsed_time': datetime.timedelta(seconds=634, microseconds=413220), 'p': array([0.        , 0.        , 0.        , ..., 0.        , 0.01359176,
       0.01      ]), 'info': {'grad': array([ 4.88281250e-07,  4.88281250e-07,  4.88281250e-07, ...,
        4.88281250e-07, -3.79317133e-10,  4.68278040e-04]), 'task': 'CONVERGENCE: NORM_OF_PROJECTED_GRADIENT_<=_PGTOL', 'funcalls': 566, 'nit': 449, 'warnflag': 0}}
{'recons': tensor([[[[ 3.6973e-04, -8.5106e-04],
          [ 5.4490e-05,  6.2765e-04],
          [-5.1200e-04,  8.0327e-04],
          ...,
          [ 1.1154e-03,  8.9096e-04],
          [-1.5917e-03, -4.6071e-04],
          [ 7.6051e-04,  2.3969e-04]],

         [[-7.2364e-05, -1.0635e-04],
          [ 5.8775e-04,  3.8604e-04],
          [ 2.4265e-04, -1.3690e-03],
          ...,
          [-1.6365e-04, -9.3739e-04],
          [ 5.3614e-04,  1.0738e-03],
          [-9.5300e-04, -1.0910e-04]],

         [[ 1.3320e-04,  8.0237e-04],
          [-1.2489e-03, -1.1440e-03],
          [ 6.4005e-05,  1.1182e-03],
          ...,
          [-3.8328e-04,  6.9303e-04],
          [-3.5569e-04, -9.6241e-04],
          [ 1.1760e-03,  7.7672e-05]],

         ...,

         [[ 7.4361e-04, -8.3812e-05],
          [ 4.8124e-05,  2.0358e-04],
          [ 1.9783e-04,  1.2383e-03],
          ...,
          [ 4.5656e-04,  3.8908e-04],
          [-9.9936e-04,  1.8753e-04],
          [-2.1459e-04, -8.4439e-04]],

         [[-6.2473e-04, -8.1326e-04],
          [-7.5552e-04,  3.4563e-04],
          [ 5.0423e-04, -1.1434e-03],
          ...,
          [-2.2398e-04, -5.6313e-05],
          [ 5.2456e-04,  1.8148e-04],
          [ 7.3426e-04,  9.2809e-04]],

         [[-9.3232e-05,  1.3457e-03],
          [ 2.2622e-04, -7.6883e-04],
          [ 1.1118e-04,  1.0069e-04],
          ...,
          [-9.3813e-04, -5.0357e-04],
          [ 1.3240e-03, -2.9789e-04],
          [-9.6260e-04, -6.0122e-04]]]]), 'ssims': [0.9961541631338773], 'psnrs': [61.5646344152684]}###ITERATION beta0.01{'elapsed_time': datetime.timedelta(seconds=5127, microseconds=456097), 'p': array([0.33395052, 0.        , 0.68516722, ..., 0.        , 0.42306314,
       0.01      ]), 'info': {'grad': array([3.25219570e-06, 4.88281250e-06, 1.53727978e-06, ...,
       4.88281250e-06, 2.02767594e-07, 5.62586105e-07]), 'task': 'STOP: TOTAL NO. of ITERATIONS REACHED LIMIT', 'funcalls': 12317, 'nit': 2500, 'warnflag': 1}}
{'recons': tensor([[[[ 4.0174e-05,  7.7542e-05],
          [ 1.1671e-04, -7.6866e-05],
          [ 1.0963e-05, -2.9200e-04],
          ...,
          [-6.7747e-05, -2.9490e-04],
          [-6.2091e-05,  1.3607e-04],
          [ 1.7670e-04,  1.7240e-04]],

         [[-1.0391e-04, -5.2157e-05],
          [ 6.8146e-05, -1.1890e-04],
          [-5.7985e-05,  4.6538e-05],
          ...,
          [-2.0401e-04, -1.2350e-04],
          [ 9.6980e-05,  1.6220e-04],
          [-4.0186e-05,  4.2359e-05]],

         [[-1.3694e-04,  1.0344e-04],
          [-2.4907e-04,  1.1311e-04],
          [ 1.6291e-04,  3.0585e-04],
          ...,
          [ 1.9715e-04,  7.2331e-05],
          [-6.0805e-05, -1.9876e-04],
          [ 9.3120e-05, -2.9293e-04]],

         ...,

         [[ 8.2298e-05,  7.7176e-05],
          [-1.2668e-04, -1.2688e-04],
          [ 1.2228e-04, -6.8594e-06],
          ...,
          [ 3.7730e-05, -4.8124e-05],
          [-2.1613e-04,  1.0536e-04],
          [-2.1150e-04, -2.1573e-04]],

         [[-4.9549e-06, -1.3219e-04],
          [-1.6567e-05,  9.9372e-05],
          [-1.3180e-04,  2.9523e-04],
          ...,
          [ 7.7212e-05,  8.2231e-05],
          [ 9.9872e-06, -3.6643e-04],
          [-1.3973e-05,  5.3251e-05]],

         [[ 9.1940e-06, -3.7549e-06],
          [ 6.9347e-05,  2.0905e-04],
          [-1.1283e-05, -3.7769e-04],
          ...,
          [ 2.6867e-05,  1.2005e-04],
          [-2.8603e-05,  5.8938e-06],
          [-1.9601e-04,  1.0281e-04]]]]), 'ssims': [0.9998236235365591], 'psnrs': [76.1461054043952]}###ITERATION beta0.1{'elapsed_time': datetime.timedelta(seconds=298, microseconds=475960), 'p': array([0.        , 0.        , 0.        , ..., 0.        , 7.74261685,
       0.01      ]), 'info': {'grad': array([4.88281250e-05, 4.88281250e-05, 4.88281250e-05, ...,
       4.88281250e-05, 1.40880422e-08, 7.13017983e-11]), 'task': 'CONVERGENCE: NORM_OF_PROJECTED_GRADIENT_<=_PGTOL', 'funcalls': 736, 'nit': 610, 'warnflag': 0}}
{'recons': tensor([[[[ 4.6125e-06, -9.5688e-06],
          [-5.3716e-06,  2.2485e-06],
          [ 4.3656e-06,  7.1448e-06],
          ...,
          [-4.9315e-07,  1.2139e-05],
          [-4.0602e-07, -9.5209e-06],
          [-5.4616e-06,  7.7894e-06]],

         [[ 9.5958e-07,  1.3061e-05],
          [-9.0846e-07, -4.8525e-06],
          [-5.3336e-06, -8.5887e-06],
          ...,
          [ 3.4810e-06, -5.2022e-06],
          [-4.8235e-06,  1.2934e-06],
          [ 7.2111e-06, -5.2115e-06]],

         [[ 3.5176e-06, -7.6030e-06],
          [-5.2677e-06,  7.7086e-06],
          [ 9.5691e-06, -2.0634e-06],
          ...,
          [-5.5652e-06, -5.9271e-07],
          [ 2.9891e-06,  1.8998e-06],
          [-2.3644e-06, -1.2025e-07]],

         ...,

         [[ 4.2722e-06,  6.7573e-07],
          [ 3.0291e-07,  9.0890e-06],
          [ 2.4098e-06, -1.1116e-06],
          ...,
          [ 9.0348e-06, -4.9440e-07],
          [-9.3545e-06,  1.1593e-06],
          [ 1.6260e-06, -1.3002e-06]],

         [[ 2.0508e-06, -2.2367e-06],
          [-4.8766e-06, -5.6571e-06],
          [-1.2275e-06,  2.0017e-06],
          ...,
          [ 8.2786e-07, -2.9297e-07],
          [ 1.9950e-06,  6.0574e-07],
          [-2.7427e-06, -2.1336e-06]],

         [[-9.1690e-06,  4.1611e-06],
          [ 1.1817e-05, -8.6340e-07],
          [-5.1883e-06,  4.2285e-07],
          ...,
          [-2.2248e-06, -7.7253e-06],
          [ 2.3209e-06,  7.6204e-06],
          [ 2.5790e-06, -4.5041e-06]]]]), 'ssims': [0.9876394201606976], 'psnrs': [33.81502319660939]}