1e-05
99.68277208394338
{'elapsed_time': datetime.timedelta(seconds=5, microseconds=446817), 'p': array([0.99399435, 0.99953113, 0.98912545, ..., 0.94414158, 0.29109651,
       0.01      ]), 'info': {'grad': array([ 1.47777840e-10,  1.72340998e-11,  2.70276465e-10, ...,
        1.19011300e-09, -1.69813724e-08,  2.87703059e-06]), 'task': 'CONVERGENCE: NORM_OF_PROJECTED_GRADIENT_<=_PGTOL', 'funcalls': 10, 'nit': 9, 'warnflag': 0}}
{'recons': tensor([[[[-2.9801e-04,  2.5130e-05],
          [-4.0672e-04, -5.9447e-04],
          [ 7.0412e-04,  9.0886e-05],
          ...,
          [-3.9252e-04, -1.6357e-04],
          [ 2.7375e-04, -7.1871e-04],
          [ 2.9029e-04, -4.8989e-04]],

         [[ 3.4843e-05,  3.6969e-04],
          [-8.8061e-07, -5.0571e-04],
          [-6.1720e-04, -9.5551e-04],
          ...,
          [ 4.0448e-04,  2.4507e-04],
          [-2.2204e-04, -2.8869e-04],
          [-8.3424e-05,  3.9990e-04]],

         [[ 2.3401e-04, -1.5449e-04],
          [ 9.0387e-05, -5.5571e-04],
          [ 2.2450e-04,  3.9120e-04],
          ...,
          [ 3.4924e-04, -3.0211e-04],
          [-6.8292e-05,  1.4175e-04],
          [ 3.8848e-04,  3.4319e-04]],

         ...,

         [[ 1.2218e-05,  2.9377e-04],
          [ 4.6853e-04,  9.6041e-04],
          [ 4.7319e-05, -2.4885e-04],
          ...,
          [-8.6676e-04, -5.4535e-04],
          [ 2.3227e-04, -4.6255e-06],
          [ 8.7065e-04,  7.4392e-04]],

         [[-5.0727e-04,  2.3851e-04],
          [ 3.4198e-04,  4.4437e-04],
          [-3.9257e-05, -2.8611e-04],
          ...,
          [-3.9473e-04,  2.3271e-05],
          [-4.8239e-04, -2.8898e-04],
          [ 7.4328e-04, -2.7380e-04]],

         [[-4.4800e-04,  8.0809e-04],
          [-7.6151e-05, -6.1989e-04],
          [-5.0666e-05,  2.7113e-04],
          ...,
          [-8.2330e-05,  2.6691e-04],
          [ 7.7290e-04,  4.9350e-06],
          [ 3.0090e-04, -4.7749e-04]]]]), 'ssims': [0.9985425160082857], 'psnrs': [67.2721037417743]}