0.001
1.8545632015617375
{'elapsed_time': datetime.timedelta(seconds=618, microseconds=378969), 'p': array([0.       , 0.       , 0.       , ..., 0.       , 0.0154949,
       0.01     ]), 'info': {'grad': array([4.88281250e-07, 4.88281250e-07, 4.88281250e-07, ...,
       4.88281250e-07, 4.47738838e-09, 3.67415785e-04]), 'task': 'CONVERGENCE: NORM_OF_PROJECTED_GRADIENT_<=_PGTOL', 'funcalls': 578, 'nit': 481, 'warnflag': 0}}
{'recons': tensor([[[[ 6.8983e-04, -9.1340e-04],
          [ 8.5903e-04, -2.6223e-06],
          [ 2.0605e-03,  5.9930e-04],
          ...,
          [ 4.1518e-05, -2.2045e-03],
          [-1.6346e-04, -3.4862e-04],
          [ 4.8331e-04, -5.8441e-05]],

         [[-6.1304e-04,  1.1921e-04],
          [-5.1884e-04, -8.3071e-04],
          [-1.3328e-03, -1.7595e-03],
          ...,
          [-3.8061e-04,  1.1967e-03],
          [-3.9281e-04, -5.3933e-04],
          [-7.6390e-04, -5.1610e-04]],

         [[ 7.2031e-04,  5.8805e-04],
          [-4.0892e-04,  6.4360e-04],
          [-6.4622e-04,  1.5148e-03],
          ...,
          [ 2.0035e-04,  4.5331e-05],
          [ 7.2043e-04,  1.3522e-03],
          [ 1.2681e-03,  1.5064e-03]],

         ...,

         [[ 5.8224e-04, -6.5137e-04],
          [ 4.3087e-04, -1.1633e-03],
          [-6.2518e-04, -6.2404e-04],
          ...,
          [ 9.7594e-04,  1.0724e-04],
          [ 9.5720e-05, -1.8512e-04],
          [-6.7380e-05, -1.1233e-04]],

         [[-1.2947e-03,  3.5459e-04],
          [-1.7592e-03,  2.7896e-05],
          [-1.0258e-03, -3.9568e-05],
          ...,
          [-6.1164e-04,  2.3080e-04],
          [-1.7532e-04,  2.2371e-04],
          [-5.1191e-04,  4.0811e-04]],

         [[ 6.6576e-05,  5.6235e-04],
          [ 7.5028e-04,  9.2243e-04],
          [ 3.4159e-04,  5.0002e-04],
          ...,
          [ 1.0313e-04,  1.2083e-03],
          [ 2.9756e-04,  2.2800e-04],
          [-1.6549e-05, -4.4234e-04]]]]), 'ssims': [0.9956893803262373], 'psnrs': [61.81241294206076]}