0.01
1.903367496339678
{'elapsed_time': datetime.timedelta(seconds=438, microseconds=653378), 'p': array([0.        , 0.        , 0.        , ..., 0.        , 0.02280512,
       0.01      ]), 'info': {'grad': array([4.88281250e-06, 4.88281250e-06, 4.88281250e-06, ...,
       4.88281250e-06, 1.51176654e-08, 3.94951942e-03]), 'task': 'CONVERGENCE: NORM_OF_PROJECTED_GRADIENT_<=_PGTOL', 'funcalls': 334, 'nit': 214, 'warnflag': 0}}
{'recons': tensor([[[[ 1.2813e-03, -3.6546e-04],
          [ 1.6889e-03, -7.6921e-05],
          [ 1.1146e-03, -2.4437e-04],
          ...,
          [-1.0923e-03, -8.2216e-04],
          [-2.9667e-04, -5.4453e-04],
          [ 6.8759e-04, -3.5098e-05]],

         [[ 7.2938e-04, -6.9965e-04],
          [ 9.4313e-04,  2.1519e-04],
          [ 3.3582e-04,  5.7569e-04],
          ...,
          [-1.6069e-03, -4.8977e-05],
          [-1.0334e-03, -1.6853e-04],
          [-9.9787e-05, -2.7218e-04]],

         [[ 1.0076e-03,  9.2672e-05],
          [ 6.8585e-04,  1.4551e-03],
          [ 8.6652e-05,  1.5663e-03],
          ...,
          [-1.7124e-03, -1.3154e-03],
          [-6.8764e-04, -8.7284e-04],
          [ 3.1513e-04, -3.1293e-04]],

         ...,

         [[ 6.9080e-05, -2.2929e-04],
          [ 3.8028e-05, -1.4047e-04],
          [-2.8599e-06,  2.7715e-04],
          ...,
          [ 3.9044e-04, -7.3209e-04],
          [ 8.7421e-04, -7.0985e-04],
          [ 9.9755e-04, -4.1495e-04]],

         [[-6.9472e-04, -8.3865e-04],
          [-1.7729e-04, -9.8938e-04],
          [ 1.7061e-04, -7.3538e-04],
          ...,
          [ 7.8271e-04,  3.4740e-04],
          [ 5.8645e-04, -5.8859e-05],
          [ 1.4879e-04, -2.8387e-04]],

         [[ 8.9844e-04, -4.0322e-04],
          [ 1.2810e-03, -2.3636e-04],
          [ 6.9229e-04, -2.4396e-04],
          ...,
          [-1.4640e-04,  2.7353e-04],
          [ 3.0254e-04, -3.9393e-05],
          [ 8.5659e-04,  7.4616e-07]]]]), 'ssims': [0.9966507617034155], 'psnrs': [48.68873842976627]}