###ITERATION beta1e-05{'elapsed_time': datetime.timedelta(seconds=31, microseconds=665863), 'p': array([0.90054636, 0.99156239, 0.97992402, ..., 0.97448475, 0.15182524,
       0.01      ]), 'info': {'grad': array([ 3.97904198e-09,  3.29914032e-10,  8.32673824e-10, ...,
        1.44069250e-09, -2.84315157e-08,  5.44005942e-05]), 'task': 'CONVERGENCE: NORM_OF_PROJECTED_GRADIENT_<=_PGTOL', 'funcalls': 53, 'nit': 51, 'warnflag': 0}}
{'recons': tensor([[[[ 5.7468e-04,  4.9660e-04],
          [-7.1829e-04,  3.4130e-04],
          [ 1.0825e-04, -1.4190e-03],
          ...,
          [-1.0218e-03, -1.2528e-03],
          [ 1.4677e-03, -8.6500e-04],
          [-7.7825e-04,  5.0960e-04]],

         [[-9.6829e-04, -6.1159e-04],
          [-1.1277e-04, -1.5416e-03],
          [ 1.0593e-03, -5.3566e-04],
          ...,
          [-1.4247e-03,  9.8849e-06],
          [-1.9004e-05,  1.4901e-03],
          [ 5.9070e-04, -9.8424e-04]],

         [[-1.2647e-04, -3.0318e-04],
          [-1.2720e-03,  2.1653e-03],
          [-4.2604e-04,  6.4813e-04],
          ...,
          [-1.6296e-04,  4.8431e-04],
          [ 6.8720e-04, -4.4881e-05],
          [-8.4745e-04,  1.4144e-04]],

         ...,

         [[ 3.7459e-04, -4.9378e-04],
          [ 8.6014e-04, -6.9594e-04],
          [ 6.1709e-04, -1.6088e-03],
          ...,
          [-3.0459e-04,  8.8300e-04],
          [ 1.8856e-04,  6.2798e-04],
          [-6.8777e-04,  6.7873e-04]],

         [[-7.4567e-04,  1.2790e-03],
          [ 3.7842e-04, -2.3422e-04],
          [ 5.6181e-05, -7.1210e-04],
          ...,
          [ 1.2959e-03, -2.3957e-04],
          [-2.2360e-03,  1.1799e-04],
          [-2.1757e-04, -2.7373e-04]],

         [[-9.3207e-04, -9.7041e-05],
          [ 1.2411e-03,  4.0198e-04],
          [ 1.5323e-03,  3.8984e-04],
          ...,
          [ 4.0584e-04, -1.2568e-03],
          [-1.8855e-04, -1.0977e-03],
          [ 1.2986e-03,  5.6416e-04]]]]), 'ssims': [0.9968992132812324], 'psnrs': [61.319903805949814]}###ITERATION beta0.0001{'elapsed_time': datetime.timedelta(seconds=2214, microseconds=368528), 'p': array([0.       , 0.       , 0.       , ..., 0.       , 0.0237427,
       0.01     ]), 'info': {'grad': array([4.88281250e-08, 4.88281250e-08, 4.88281250e-08, ...,
       4.88281250e-08, 5.99136320e-10, 2.45971451e-04]), 'task': 'CONVERGENCE: NORM_OF_PROJECTED_GRADIENT_<=_PGTOL', 'funcalls': 2222, 'nit': 1831, 'warnflag': 0}}
{'recons': tensor([[[[-5.6826e-04, -5.4547e-05],
          [-2.1063e-04, -5.6433e-04],
          [ 2.4304e-04, -5.9205e-04],
          ...,
          [ 2.5333e-04,  3.9876e-04],
          [-4.1279e-04,  6.4081e-04],
          [-4.7626e-04,  4.1687e-04]],

         [[-2.1302e-04, -5.8328e-04],
          [-3.0561e-04, -1.2085e-03],
          [-3.0530e-04, -1.1481e-03],
          ...,
          [ 7.2956e-04,  9.8249e-04],
          [ 3.7115e-04,  7.0702e-04],
          [ 2.5038e-04,  2.1238e-04]],

         [[ 2.2249e-04, -6.4521e-04],
          [-1.9109e-04, -1.0365e-03],
          [-6.9974e-04, -1.0352e-03],
          ...,
          [ 4.7097e-04,  8.6867e-04],
          [ 6.0842e-04,  3.2458e-04],
          [ 6.6678e-04, -2.3989e-05]],

         ...,

         [[ 3.8527e-04,  6.8141e-04],
          [ 3.1997e-04,  1.0366e-03],
          [ 2.2782e-05,  6.9933e-04],
          ...,
          [-1.2030e-03, -8.3820e-04],
          [-6.4851e-04, -3.0138e-04],
          [-1.0062e-04,  5.6675e-05]],

         [[ 1.0588e-04,  5.4920e-04],
          [ 3.2555e-04,  6.8263e-04],
          [ 3.5475e-04,  4.1909e-04],
          ...,
          [-1.0823e-03, -6.4997e-04],
          [-9.8897e-04, -2.3543e-05],
          [-4.6206e-04,  1.8660e-04]],

         [[-2.6195e-04,  4.7839e-04],
          [ 2.4388e-04,  1.9581e-04],
          [ 6.4754e-04, -4.8574e-05],
          ...,
          [-6.4914e-04, -1.3121e-04],
          [-1.0237e-03,  4.9642e-04],
          [-6.9295e-04,  5.4579e-04]]]]), 'ssims': [0.9989486449121449], 'psnrs': [65.25416358161976]}###ITERATION beta0.001{'elapsed_time': datetime.timedelta(seconds=706, microseconds=735308), 'p': array([0.        , 0.        , 0.        , ..., 0.        , 0.02779397,
       0.01      ]), 'info': {'grad': array([4.88281250e-07, 4.88281250e-07, 4.88281250e-07, ...,
       4.88281250e-07, 2.10684893e-08, 8.56437013e-04]), 'task': 'CONVERGENCE: NORM_OF_PROJECTED_GRADIENT_<=_PGTOL', 'funcalls': 565, 'nit': 437, 'warnflag': 0}}
{'recons': tensor([[[[ 1.1894e-03, -2.9632e-04],
          [ 8.0552e-04, -3.6669e-04],
          [-9.3850e-05, -5.6615e-05],
          ...,
          [-1.1265e-03, -3.3945e-04],
          [ 2.3819e-04, -8.0564e-04],
          [ 9.9952e-04, -8.1818e-04]],

         [[ 1.3112e-03, -6.4725e-04],
          [ 9.9691e-04, -5.4755e-04],
          [ 6.2946e-05, -3.5153e-04],
          ...,
          [-9.3723e-04, -1.6144e-04],
          [ 2.7869e-04, -4.2155e-04],
          [ 8.8838e-04, -8.2008e-04]],

         [[ 1.0964e-03,  2.3450e-04],
          [ 7.1169e-04,  2.5017e-05],
          [-1.6965e-04, -5.6954e-04],
          ...,
          [-3.4716e-04, -3.7459e-04],
          [ 5.5233e-04,  4.5647e-04],
          [ 8.3821e-04,  5.4351e-04]],

         ...,

         [[ 5.8135e-04,  1.1195e-03],
          [ 2.7676e-04,  8.5452e-04],
          [-5.2357e-05,  4.2887e-04],
          ...,
          [-2.9765e-04, -3.0236e-04],
          [-2.2150e-04, -8.6442e-05],
          [ 7.0112e-04,  7.3503e-04]],

         [[ 1.0143e-03,  2.7294e-04],
          [ 7.9860e-04,  2.8721e-05],
          [ 2.5437e-04,  3.0096e-04],
          ...,
          [-7.7016e-04,  8.6858e-05],
          [-6.6329e-05, -7.1068e-04],
          [ 1.1003e-03, -2.3270e-04]],

         [[ 1.6137e-03,  1.2869e-04],
          [ 1.0983e-03, -1.0061e-04],
          [ 5.9357e-05,  2.0812e-04],
          ...,
          [-1.1168e-03, -1.0684e-04],
          [ 4.4653e-04, -9.0654e-04],
          [ 1.6608e-03, -5.4155e-04]]]]), 'ssims': [0.99853774318043], 'psnrs': [58.07932610412311]}###ITERATION beta0.01{'elapsed_time': datetime.timedelta(seconds=438, microseconds=653378), 'p': array([0.        , 0.        , 0.        , ..., 0.        , 0.02280512,
       0.01      ]), 'info': {'grad': array([4.88281250e-06, 4.88281250e-06, 4.88281250e-06, ...,
       4.88281250e-06, 1.51176654e-08, 3.94951942e-03]), 'task': 'CONVERGENCE: NORM_OF_PROJECTED_GRADIENT_<=_PGTOL', 'funcalls': 334, 'nit': 214, 'warnflag': 0}}
{'recons': tensor([[[[ 1.2813e-03, -3.6546e-04],
          [ 1.6889e-03, -7.6921e-05],
          [ 1.1146e-03, -2.4437e-04],
          ...,
          [-1.0923e-03, -8.2216e-04],
          [-2.9667e-04, -5.4453e-04],
          [ 6.8759e-04, -3.5098e-05]],

         [[ 7.2938e-04, -6.9965e-04],
          [ 9.4313e-04,  2.1519e-04],
          [ 3.3582e-04,  5.7569e-04],
          ...,
          [-1.6069e-03, -4.8977e-05],
          [-1.0334e-03, -1.6853e-04],
          [-9.9787e-05, -2.7218e-04]],

         [[ 1.0076e-03,  9.2672e-05],
          [ 6.8585e-04,  1.4551e-03],
          [ 8.6652e-05,  1.5663e-03],
          ...,
          [-1.7124e-03, -1.3154e-03],
          [-6.8764e-04, -8.7284e-04],
          [ 3.1513e-04, -3.1293e-04]],

         ...,

         [[ 6.9080e-05, -2.2929e-04],
          [ 3.8028e-05, -1.4047e-04],
          [-2.8599e-06,  2.7715e-04],
          ...,
          [ 3.9044e-04, -7.3209e-04],
          [ 8.7421e-04, -7.0985e-04],
          [ 9.9755e-04, -4.1495e-04]],

         [[-6.9472e-04, -8.3865e-04],
          [-1.7729e-04, -9.8938e-04],
          [ 1.7061e-04, -7.3538e-04],
          ...,
          [ 7.8271e-04,  3.4740e-04],
          [ 5.8645e-04, -5.8859e-05],
          [ 1.4879e-04, -2.8387e-04]],

         [[ 8.9844e-04, -4.0322e-04],
          [ 1.2810e-03, -2.3636e-04],
          [ 6.9229e-04, -2.4396e-04],
          ...,
          [-1.4640e-04,  2.7353e-04],
          [ 3.0254e-04, -3.9393e-05],
          [ 8.5659e-04,  7.4616e-07]]]]), 'ssims': [0.9966507617034155], 'psnrs': [48.68873842976627]}###ITERATION beta0.1{'elapsed_time': datetime.timedelta(seconds=2589, microseconds=652479), 'p': array([0.        , 0.        , 0.        , ..., 0.        , 0.02856796,
       0.01      ]), 'info': {'grad': array([ 4.88281250e-05,  4.88281250e-05,  4.88281250e-05, ...,
        4.88281250e-05, -6.49678142e-10,  2.76068150e-03]), 'task': 'CONVERGENCE: NORM_OF_PROJECTED_GRADIENT_<=_PGTOL', 'funcalls': 3411, 'nit': 2065, 'warnflag': 0}}
{'recons': tensor([[[[ 2.3330e-04,  1.9300e-04],
          [ 1.5741e-04, -7.6544e-05],
          [-1.3161e-04, -2.1643e-05],
          ...,
          [-1.5115e-04,  2.9176e-05],
          [ 3.9468e-04, -1.6759e-04],
          [ 5.4785e-04,  4.3127e-05]],

         [[ 8.7465e-04,  4.0905e-04],
          [ 8.4633e-04,  1.2382e-05],
          [ 1.7682e-04, -1.1067e-04],
          ...,
          [-7.6656e-04,  4.7976e-04],
          [ 1.0442e-04,  4.4660e-04],
          [ 7.8405e-04,  3.9500e-04]],

         [[ 1.2653e-03,  4.6615e-04],
          [ 1.4305e-03,  2.6715e-04],
          [ 8.0106e-04,  7.4968e-05],
          ...,
          [-9.3507e-04,  4.7301e-04],
          [ 4.2738e-05,  4.9734e-04],
          [ 8.8597e-04,  3.3461e-04]],

         ...,

         [[-2.4307e-04, -4.9953e-04],
          [ 2.3597e-04,  2.3547e-05],
          [ 8.0756e-04,  4.4070e-04],
          ...,
          [ 6.5494e-04, -1.5451e-04],
          [ 7.5434e-05, -5.9229e-04],
          [-3.6680e-04, -5.7554e-04]],

         [[-7.1948e-04, -3.1955e-04],
          [-2.8656e-04, -5.7044e-05],
          [ 2.4768e-04,  2.2170e-04],
          ...,
          [ 1.0143e-03, -5.3427e-04],
          [ 2.3282e-04, -9.2077e-04],
          [-5.1007e-04, -5.6256e-04]],

         [[-2.8265e-04, -2.5556e-05],
          [-2.1961e-04, -1.6590e-04],
          [-1.0565e-04, -2.3714e-07],
          ...,
          [ 7.5488e-04, -1.6913e-04],
          [ 6.3743e-04, -4.3316e-04],
          [ 1.8985e-04, -1.2064e-04]]]]), 'ssims': [0.9983477037664502], 'psnrs': [52.15902227533216]}