0.0001
1.4641288433382138
{'elapsed_time': datetime.timedelta(seconds=2214, microseconds=368528), 'p': array([0.       , 0.       , 0.       , ..., 0.       , 0.0237427,
       0.01     ]), 'info': {'grad': array([4.88281250e-08, 4.88281250e-08, 4.88281250e-08, ...,
       4.88281250e-08, 5.99136320e-10, 2.45971451e-04]), 'task': 'CONVERGENCE: NORM_OF_PROJECTED_GRADIENT_<=_PGTOL', 'funcalls': 2222, 'nit': 1831, 'warnflag': 0}}
{'recons': tensor([[[[-5.6826e-04, -5.4547e-05],
          [-2.1063e-04, -5.6433e-04],
          [ 2.4304e-04, -5.9205e-04],
          ...,
          [ 2.5333e-04,  3.9876e-04],
          [-4.1279e-04,  6.4081e-04],
          [-4.7626e-04,  4.1687e-04]],

         [[-2.1302e-04, -5.8328e-04],
          [-3.0561e-04, -1.2085e-03],
          [-3.0530e-04, -1.1481e-03],
          ...,
          [ 7.2956e-04,  9.8249e-04],
          [ 3.7115e-04,  7.0702e-04],
          [ 2.5038e-04,  2.1238e-04]],

         [[ 2.2249e-04, -6.4521e-04],
          [-1.9109e-04, -1.0365e-03],
          [-6.9974e-04, -1.0352e-03],
          ...,
          [ 4.7097e-04,  8.6867e-04],
          [ 6.0842e-04,  3.2458e-04],
          [ 6.6678e-04, -2.3989e-05]],

         ...,

         [[ 3.8527e-04,  6.8141e-04],
          [ 3.1997e-04,  1.0366e-03],
          [ 2.2782e-05,  6.9933e-04],
          ...,
          [-1.2030e-03, -8.3820e-04],
          [-6.4851e-04, -3.0138e-04],
          [-1.0062e-04,  5.6675e-05]],

         [[ 1.0588e-04,  5.4920e-04],
          [ 3.2555e-04,  6.8263e-04],
          [ 3.5475e-04,  4.1909e-04],
          ...,
          [-1.0823e-03, -6.4997e-04],
          [-9.8897e-04, -2.3543e-05],
          [-4.6206e-04,  1.8660e-04]],

         [[-2.6195e-04,  4.7839e-04],
          [ 2.4388e-04,  1.9581e-04],
          [ 6.4754e-04, -4.8574e-05],
          ...,
          [-6.4914e-04, -1.3121e-04],
          [-1.0237e-03,  4.9642e-04],
          [-6.9295e-04,  5.4579e-04]]]]), 'ssims': [0.9989486449121449], 'psnrs': [65.25416358161976]}