1e-05
99.19472913616399
{'elapsed_time': datetime.timedelta(seconds=31, microseconds=665863), 'p': array([0.90054636, 0.99156239, 0.97992402, ..., 0.97448475, 0.15182524,
       0.01      ]), 'info': {'grad': array([ 3.97904198e-09,  3.29914032e-10,  8.32673824e-10, ...,
        1.44069250e-09, -2.84315157e-08,  5.44005942e-05]), 'task': 'CONVERGENCE: NORM_OF_PROJECTED_GRADIENT_<=_PGTOL', 'funcalls': 53, 'nit': 51, 'warnflag': 0}}
{'recons': tensor([[[[ 5.7468e-04,  4.9660e-04],
          [-7.1829e-04,  3.4130e-04],
          [ 1.0825e-04, -1.4190e-03],
          ...,
          [-1.0218e-03, -1.2528e-03],
          [ 1.4677e-03, -8.6500e-04],
          [-7.7825e-04,  5.0960e-04]],

         [[-9.6829e-04, -6.1159e-04],
          [-1.1277e-04, -1.5416e-03],
          [ 1.0593e-03, -5.3566e-04],
          ...,
          [-1.4247e-03,  9.8849e-06],
          [-1.9004e-05,  1.4901e-03],
          [ 5.9070e-04, -9.8424e-04]],

         [[-1.2647e-04, -3.0318e-04],
          [-1.2720e-03,  2.1653e-03],
          [-4.2604e-04,  6.4813e-04],
          ...,
          [-1.6296e-04,  4.8431e-04],
          [ 6.8720e-04, -4.4881e-05],
          [-8.4745e-04,  1.4144e-04]],

         ...,

         [[ 3.7459e-04, -4.9378e-04],
          [ 8.6014e-04, -6.9594e-04],
          [ 6.1709e-04, -1.6088e-03],
          ...,
          [-3.0459e-04,  8.8300e-04],
          [ 1.8856e-04,  6.2798e-04],
          [-6.8777e-04,  6.7873e-04]],

         [[-7.4567e-04,  1.2790e-03],
          [ 3.7842e-04, -2.3422e-04],
          [ 5.6181e-05, -7.1210e-04],
          ...,
          [ 1.2959e-03, -2.3957e-04],
          [-2.2360e-03,  1.1799e-04],
          [-2.1757e-04, -2.7373e-04]],

         [[-9.3207e-04, -9.7041e-05],
          [ 1.2411e-03,  4.0198e-04],
          [ 1.5323e-03,  3.8984e-04],
          ...,
          [ 4.0584e-04, -1.2568e-03],
          [-1.8855e-04, -1.0977e-03],
          [ 1.2986e-03,  5.6416e-04]]]]), 'ssims': [0.9968992132812324], 'psnrs': [61.319903805949814]}