1e-05
99.36554416788678
{'elapsed_time': datetime.timedelta(seconds=4, microseconds=735113), 'p': array([0.9900347 , 0.99168499, 0.98222813, ..., 0.96913412, 0.33638906,
       0.01      ]), 'info': {'grad': array([ 1.66807225e-10,  1.25901084e-10,  2.49562217e-10, ...,
        4.46156936e-10, -6.36449909e-09,  1.86009031e-06]), 'task': 'CONVERGENCE: NORM_OF_PROJECTED_GRADIENT_<=_PGTOL', 'funcalls': 9, 'nit': 8, 'warnflag': 0}}
{'recons': tensor([[[[-6.4155e-04, -4.0528e-04],
          [ 2.8978e-04, -1.7858e-04],
          [ 1.5164e-04, -3.9491e-05],
          ...,
          [ 3.0464e-04,  8.9576e-05],
          [ 2.0721e-04,  4.1068e-04],
          [-3.2820e-04, -2.7322e-04]],

         [[ 2.1679e-04, -2.1285e-04],
          [ 2.1883e-04, -4.2004e-04],
          [ 3.4316e-04, -4.4618e-04],
          ...,
          [ 1.2189e-03, -9.7840e-05],
          [-3.0777e-04, -1.2475e-04],
          [-7.4689e-04, -3.5435e-04]],

         [[-6.1981e-05, -2.0077e-04],
          [ 5.7684e-04,  6.3926e-05],
          [-4.4608e-04,  1.7228e-04],
          ...,
          [ 4.4158e-04,  8.2877e-05],
          [-5.2873e-04, -4.1721e-04],
          [-4.4589e-04, -2.2785e-05]],

         ...,

         [[-1.2642e-04,  3.2300e-05],
          [-5.5984e-04, -4.2100e-04],
          [ 1.9243e-04,  3.8724e-04],
          ...,
          [-2.9387e-05, -1.6884e-04],
          [-2.4780e-04,  4.0944e-05],
          [ 2.6909e-04, -4.1901e-04]],

         [[-1.3154e-04, -3.5562e-04],
          [ 7.4024e-05,  3.8552e-04],
          [ 4.0305e-04, -2.9018e-04],
          ...,
          [-1.1826e-04,  2.9024e-04],
          [-7.2077e-04, -4.8884e-04],
          [ 2.1282e-04,  9.1153e-05]],

         [[-1.8447e-04, -5.7105e-04],
          [-5.2557e-05, -8.5566e-04],
          [-9.5827e-05,  4.0705e-04],
          ...,
          [-1.0418e-04,  2.8499e-04],
          [-1.2990e-04,  5.5548e-04],
          [ 4.6219e-04, -7.9729e-04]]]]), 'ssims': [0.9988779715699313], 'psnrs': [68.56758819804269]}