0.001
2.0009760858955588
{'elapsed_time': datetime.timedelta(seconds=634, microseconds=413220), 'p': array([0.        , 0.        , 0.        , ..., 0.        , 0.01359176,
       0.01      ]), 'info': {'grad': array([ 4.88281250e-07,  4.88281250e-07,  4.88281250e-07, ...,
        4.88281250e-07, -3.79317133e-10,  4.68278040e-04]), 'task': 'CONVERGENCE: NORM_OF_PROJECTED_GRADIENT_<=_PGTOL', 'funcalls': 566, 'nit': 449, 'warnflag': 0}}
{'recons': tensor([[[[ 3.6973e-04, -8.5106e-04],
          [ 5.4490e-05,  6.2765e-04],
          [-5.1200e-04,  8.0327e-04],
          ...,
          [ 1.1154e-03,  8.9096e-04],
          [-1.5917e-03, -4.6071e-04],
          [ 7.6051e-04,  2.3969e-04]],

         [[-7.2364e-05, -1.0635e-04],
          [ 5.8775e-04,  3.8604e-04],
          [ 2.4265e-04, -1.3690e-03],
          ...,
          [-1.6365e-04, -9.3739e-04],
          [ 5.3614e-04,  1.0738e-03],
          [-9.5300e-04, -1.0910e-04]],

         [[ 1.3320e-04,  8.0237e-04],
          [-1.2489e-03, -1.1440e-03],
          [ 6.4005e-05,  1.1182e-03],
          ...,
          [-3.8328e-04,  6.9303e-04],
          [-3.5569e-04, -9.6241e-04],
          [ 1.1760e-03,  7.7672e-05]],

         ...,

         [[ 7.4361e-04, -8.3812e-05],
          [ 4.8124e-05,  2.0358e-04],
          [ 1.9783e-04,  1.2383e-03],
          ...,
          [ 4.5656e-04,  3.8908e-04],
          [-9.9936e-04,  1.8753e-04],
          [-2.1459e-04, -8.4439e-04]],

         [[-6.2473e-04, -8.1326e-04],
          [-7.5552e-04,  3.4563e-04],
          [ 5.0423e-04, -1.1434e-03],
          ...,
          [-2.2398e-04, -5.6313e-05],
          [ 5.2456e-04,  1.8148e-04],
          [ 7.3426e-04,  9.2809e-04]],

         [[-9.3232e-05,  1.3457e-03],
          [ 2.2622e-04, -7.6883e-04],
          [ 1.1118e-04,  1.0069e-04],
          ...,
          [-9.3813e-04, -5.0357e-04],
          [ 1.3240e-03, -2.9789e-04],
          [-9.6260e-04, -6.0122e-04]]]]), 'ssims': [0.9961541631338773], 'psnrs': [61.5646344152684]}