0.1
45.85163494387506
{'elapsed_time': datetime.timedelta(seconds=3566, microseconds=581973), 'p': array([0.        , 0.        , 0.5656833 , ..., 0.56668411, 0.41722076,
       0.01      ]), 'info': {'grad': array([4.88281250e-05, 4.88281250e-05, 2.12068742e-05, ...,
       2.11580064e-05, 2.14657133e-06, 4.51448783e-06]), 'task': 'STOP: TOTAL NO. of ITERATIONS REACHED LIMIT', 'funcalls': 8737, 'nit': 2500, 'warnflag': 1}}
{'recons': tensor([[[[ 8.0955e-05,  3.3109e-05],
          [-1.0212e-04, -4.6871e-05],
          [ 1.2539e-04, -9.1473e-05],
          ...,
          [ 2.6204e-04,  1.4281e-04],
          [ 2.0124e-04, -7.9522e-05],
          [ 1.3564e-04,  1.6957e-05]],

         [[ 8.3241e-05,  3.5559e-06],
          [ 3.0027e-04,  1.0153e-04],
          [-7.6783e-05, -1.2487e-04],
          ...,
          [-6.6108e-05, -1.0115e-05],
          [-5.7977e-05, -1.3919e-05],
          [ 9.5405e-05, -1.0990e-04]],

         [[ 1.0944e-04, -4.8397e-04],
          [ 1.7669e-04, -1.0303e-04],
          [-4.8120e-06,  2.1481e-04],
          ...,
          [-1.6843e-04,  5.1505e-05],
          [-1.1935e-04,  1.8344e-04],
          [-2.2731e-04, -1.2386e-04]],

         ...,

         [[-3.7935e-06,  1.7358e-04],
          [ 2.5711e-04, -2.9083e-04],
          [ 3.0091e-04,  6.7586e-05],
          ...,
          [-1.6407e-04,  5.6417e-05],
          [-3.7984e-05, -5.2632e-05],
          [-3.4410e-05,  5.7414e-05]],

         [[-2.2426e-04,  1.0999e-05],
          [-2.3010e-04,  8.3662e-05],
          [-8.3203e-06, -4.8350e-05],
          ...,
          [-2.4934e-04, -3.5517e-05],
          [-5.3057e-06,  1.0276e-04],
          [-1.1530e-06, -3.1940e-05]],

         [[ 2.1267e-05, -7.1112e-05],
          [-8.7850e-05, -5.6555e-05],
          [ 1.2597e-04, -3.7840e-06],
          ...,
          [ 4.5840e-05,  1.7362e-04],
          [ 9.9240e-05,  3.6216e-04],
          [-6.7281e-05,  1.5201e-04]]]]), 'ssims': [0.9998083196824363], 'psnrs': [75.52071657284826]}