0.0001
2.049780380673499
{'elapsed_time': datetime.timedelta(seconds=1390, microseconds=593082), 'p': array([0.        , 0.        , 0.        , ..., 0.        , 0.02023695,
       0.01      ]), 'info': {'grad': array([ 4.88281250e-08,  4.88281250e-08,  4.88281250e-08, ...,
        4.88281250e-08, -2.48903613e-09,  1.41418873e-04]), 'task': 'CONVERGENCE: NORM_OF_PROJECTED_GRADIENT_<=_PGTOL', 'funcalls': 1516, 'nit': 1287, 'warnflag': 0}}
{'recons': tensor([[[[ 4.0024e-04,  6.6470e-04],
          [-1.7150e-04, -5.4693e-04],
          [ 3.9885e-04,  8.3433e-04],
          ...,
          [ 5.6196e-04,  1.1974e-04],
          [-1.7092e-04, -5.0327e-04],
          [-3.7980e-04, -1.8362e-04]],

         [[ 1.2054e-04, -4.2045e-04],
          [ 4.5545e-04,  1.8356e-04],
          [-7.5532e-04, -1.0849e-03],
          ...,
          [-4.7997e-05, -1.7665e-03],
          [ 1.2112e-04, -1.2482e-04],
          [-2.7966e-04,  1.1832e-03]],

         [[ 3.2575e-04, -1.3540e-06],
          [-4.0720e-04,  6.6190e-04],
          [-1.4277e-04, -4.5715e-06],
          ...,
          [-6.5790e-05,  1.0587e-03],
          [-2.2282e-05,  4.8047e-04],
          [-4.1816e-05, -9.9457e-04]],

         ...,

         [[ 5.1920e-04,  3.3326e-05],
          [-2.3055e-04,  6.5589e-06],
          [ 5.6226e-05,  1.0224e-03],
          ...,
          [ 1.0939e-04,  2.9050e-04],
          [ 5.4389e-06, -1.0266e-03],
          [-4.4148e-04,  3.0919e-04]],

         [[-5.6265e-04, -3.9999e-04],
          [-1.3773e-04,  1.6543e-04],
          [ 1.0233e-04, -6.7085e-04],
          ...,
          [ 3.6652e-04, -1.9586e-04],
          [-3.8644e-04,  3.3354e-04],
          [ 7.3159e-04,  3.9490e-04]],

         [[-3.6707e-04, -1.5355e-04],
          [ 2.7205e-04,  1.5018e-04],
          [ 5.3266e-05,  1.0897e-04],
          ...,
          [-8.5612e-04,  6.3384e-04],
          [ 6.0178e-04,  5.1749e-04],
          [ 9.3049e-06, -6.3957e-04]]]]), 'ssims': [0.9966027273788808], 'psnrs': [63.61485877147991]}